MLC5i---,1
GLC5i---,3
TLC5i---,2
LLC5i---,1
KLC5i---,3
ALC0i---,16
RLC0i---,15
ELC0i---,13
PLC0i---,22
KLC0i---,14
CLC0i---,5
HLC0i---,9
GLC0i---,10
SLC0i---,23
LLC0i---,20
TLC0i---,11
NLC0i---,7
QLC0i---,4
LHH0i---,6
AHH0i---,5
QHH4i---,3
IHH0i---,3
THH0i---,7
QHH0i---,5
FHH0i---,1
RHH4i---,2
MHH0i---,2
VHH0i---,3
SHH4i---,4
LLH0i---,2
GLT0i---,4
ALC4i---,2
KLT4i---,1
GLC3i---,1
ALC5i---,2
SLC5i---,5
LHH5i---,10
DHH4i---,3
LHH7i---,13
IHH6i---,14
DHH3i---,2
SHH5i---,6
CHH6i---,2
SLT6i---,2
FLC7i---,1
DLC5i---,1
ALT0i---,2
DLT3i---,1
GLS4i---,1
RLC4i---,3
NLC5i---,1
QHH3i---,4
QHH5i---,6
VHH6i---,7
MHH7i---,5
THH6i---,1
HHH7i---,2
RHH8i---,4
IHH5i---,1
ILT5i---,1
ILS5i---,1
SHH6i---,3
EHH4i---,6
LHH6i---,12
KHH5i---,5
VHH5i---,5
MHH2i---,1
NHH0i---,2
YHH5i---,8
KHH0i---,6
DHH0i---,4
AHH5i---,2
EHH0i---,5
KHT0i---,1
NLT0i---,4
SLC3i---,1
PHH0i---,3
GHH0i---,2
CHH5i---,2
LHH2i---,2
KHH8i---,2
FHH6i---,6
RHH5i---,4
YHH4i---,2
WHH8i---,3
THH4i---,4
EHH5i---,3
FLH6i---,1
WHH5i---,1
IHG0i---,1
MHH5i---,2
KLT3i---,1
MLT0i---,1
DLC6i---,3
SHH0i---,4
MHH6i---,4
HHH0i---,5
CHH0i---,2
ILC5i---,1
DLC0i---,8
TLH4i---,1
QHC0i---,1
ILC0i---,6
RHH0i---,3
WHH0i---,1
NHC0i---,1
KLC3i---,3
KLC4i---,2
SHC2i---,1
LLC4i---,1
LHC4i---,1
FHG6i---,1
DHG5i---,1
HHT3i---,1
LLS5i---,1
ELC5i---,1
PHH6i---,1
EHH6i---,3
SHH8i---,2
HHH8i---,1
THH8i---,1
EHH8i---,3
FHH5i---,1
KHH4i---,3
FHH7i---,3
RHT4i---,1
RLT3i---,1
ILS6i---,2
SLC4i---,3
FHH4i---,1
SHH2i---,1
DHH7i---,2
YHH6i---,3
NHH3i---,2
VHH3i---,2
VLC0i---,14
KLT0i---,2
ELT0i---,2
NLC4i---,1
THH5i---,1
IHH7i---,4
AHH3i---,3
NHH8i---,3
GHH4i---,1
SHH7i---,2
QHH7i---,1
SLT4i---,1
PLS0i---,1
TLS4i---,1
PHH2i---,1
QHH2i---,2
LHH3i---,1
AHH6i---,4
EHH2i---,5
IHH4i---,1
KHH7i---,5
HHH4i---,1
VHH7i---,3
AHH8i---,3
QHH6i---,2
HHH6i---,2
LLT6i---,1
QLT6i---,1
NLC8i---,2
FHH8i---,2
THH7i---,2
GHH7i---,2
CLT6i---,1
HLS7i---,1
SHT7i---,2
LHH8i---,5
SHG4i---,1
SHT2i---,1
HLT2i---,1
VLS6i---,2
PLC5i---,4
IHH3i---,1
NHH2i---,2
VHH2i---,1
SLC7i---,1
CLT4i---,1
RLG5i---,1
NLC8i--S,1
YHH8i--S,1
DHH5i---,2
NHH4i---,1
YHH8i---,1
RHH2i---,1
GHH2i---,1
EHT2i---,1
CLC6i---,1
HLS4i---,1
FLC6i---,1
KLC6i---,1
ILC7i---,2
PLC8i---,4
GHH8i---,1
DHH8i---,2
ALH5i---,1
MLC4i---,1
PLC7i---,2
YEE0i---,1
DLT0i---,2
GLS2i---,1
KLC2i---,1
VEE6i---,1
HHH5i---,1
VHH4i---,2
MLC0i---,2
LLC6i---,1
NLC6i---,1
LHH4i---,1
LLH4i---,1
DLC3i---,1
YLC0i---,2
YLC3i---,1
EHH7i---,2
YHH7i---,2
EHH3i---,1
AHH2i---,1
ELC8i---,2
TLC4i---,1
SHT4i---,1
GLT4i---,1
VLC4i---,1
PLC4i---,2
KHH3i---,2
KHH2i---,1
NHH6i---,1
DLC8iM--,2
LLT0i---,2
DLT7iM--,1
DLS8iM--,1
GLS8i---,1
YLE0iM--,1
IEE8i---,1
SLC6i---,2
EHH8iM--,2
SLT5i---,1
FLC5i---,3
DLT6iM--,1
ELS6iM--,1
GLS6i---,1
LEE0iM--,1
IEE7i---,1
RHH6i---,1
YHH0i---,1
LHC0i---,1
GLC4i---,2
PLC6i---,1
HLC8iM--,1
NLC2i---,1
FEE8i---,1
QEE3i---,1
EEE6i---,1
TEE5i---,1
TEE7i---,3
YLC6i---,1
LLS3i---,1
KLS5i---,1
FEE5i---,2
CLC8iM--,2
DLT7i---,1
NLT6i---,1
CLT8iM--,2
GLC6i---,1
LLC8i---,1
WLC6i---,1
GLC8i---,1
KLS8i---,1
QLC8i---,1
GEE8i---,1
YEE7i---,1
REE7i---,1
CEE8iM--,1
KLT5i---,1
DLT5i---,1
MLC6i---,1
NEE8i---,1
CEE7i---,1
HEE8iM--,1
QHT5i---,1
CHG8iM--,1
KHG6i---,1
VLC7i---,1
FLS0i---,1
ELC3i---,1
FEE0i---,3
IEE0i---,3
QEE0i---,1
VEE0i---,1
KLH0i---,1
MEE0i---,1
LEE0i---,1
LLE0i---,1
VLE0i---,1
AEE0i---,1
HLE7i---,1
KEE5i---,1
SLE6i---,1
QEE8i---,1
TLC8i---,1
FLC0i---,2
WLC0i---,2
SLC8i---,3
RLC7i---,1
TLC6i---,1
NHH5i---,1
AHH7i---,2
QHH8i---,2
KHH6i---,1
MLH0i---,1
